iso_code,continent,location,date,total_cases,new_cases,new_cases_smoothed,total_deaths,new_deaths,new_deaths_smoothed,total_cases_per_million,new_cases_per_million,new_cases_smoothed_per_million,total_deaths_per_million,new_deaths_per_million,new_deaths_smoothed_per_million,reproduction_rate,icu_patients,icu_patients_per_million,hosp_patients,hosp_patients_per_million,weekly_icu_admissions,weekly_icu_admissions_per_million,weekly_hosp_admissions,weekly_hosp_admissions_per_million,new_tests,total_tests,total_tests_per_thousand,new_tests_per_thousand,new_tests_smoothed,new_tests_smoothed_per_thousand,positive_rate,tests_per_case,tests_units,total_vaccinations,people_vaccinated,people_fully_vaccinated,new_vaccinations,new_vaccinations_smoothed,total_vaccinations_per_hundred,people_vaccinated_per_hundred,people_fully_vaccinated_per_hundred,new_vaccinations_smoothed_per_million,stringency_index,population,population_density,median_age,aged_65_older,aged_70_older,gdp_per_capita,extreme_poverty,cardiovasc_death_rate,diabetes_prevalence,female_smokers,male_smokers,handwashing_facilities,hospital_beds_per_thousand,life_expectancy,human_development_index,excess_mortality
AFG,XXXXXXXXXX,Afghanistan,2020-02-24,1.0,1.0,,,,,0.026,0.026,,,,,,,,,,,,,,,,,,,,,,,,,,,,,,,,8.33,38928341.0,54.422,18.6,2.581,1.337,1803.987,,597.029,9.59,,,37.746,0.5,64.83,0.511,
AFG,XXXXXXXXXX,Afghanistan,2020-02-25,1.0,0.0,,,,,0.026,0.0,,,,,,,,,,,,,,,,,,,,,,,,,,,,,,,,8.33,38928341.0,54.422,18.6,2.581,1.337,1803.987,,597.029,9.59,,,37.746,0.5,64.83,0.511,
AFG,XXXXXXXXXX,Afghanistan,2020-02-26,1.0,0.0,,,,,0.026,0.0,,,,,,,,,,,,,,,,,,,,,,,,,,,,,,,,8.33,38928341.0,54.422,18.6,2.581,1.337,1803.987,,597.029,9.59,,,37.746,0.5,64.83,0.511,
AFG,XXXXXXXXXX,Afghanistan,2020-02-27,1.0,0.0,,,,,0.026,0.0,,,,,,,,,,,,,,,,,,,,,,,,,,,,,,,,8.33,38928341.0,54.422,18.6,2.581,1.337,1803.987,,597.029,9.59,,,37.746,0.5,64.83,0.511,
AFG,XXXXXXXXXX,Afghanistan,2020-02-28,1.0,0.0,,,,,0.026,0.0,,,,,,,,,,,,,,,,,,,,,,,,,,,,,,,,8.33,38928341.0,54.422,18.6,2.581,1.337,1803.987,,597.029,9.59,,,37.746,0.5,64.83,0.511,
AFG,XXXXXXXXXX,Afghanistan,2020-02-29,1.0,0.0,0.143,,,0.0,0.026,0.0,0.004,,,0.0,,,,,,,,,,,,,,,,,,,,,,,,,,,,8.33,38928341.0,54.422,18.6,2.581,1.337,1803.987,,597.029,9.59,,,37.746,0.5,64.83,0.511,
AFG,XXXXXXXXXX,Afghanistan,2020-03-01,1.0,0.0,0.143,,,0.0,0.026,0.0,0.004,,,0.0,,,,,,,,,,,,,,,,,,,,,,,,,,,,27.78,38928341.0,54.422,18.6,2.581,1.337,1803.987,,597.029,9.59,,,37.746,0.5,64.83,0.511,
AFG,XXXXXXXXXX,Afghanistan,2020-03-02,1.0,0.0,0.0,,,0.0,0.026,0.0,0.0,,,0.0,,,,,,,,,,,,,,,,,,,,,,,,,,,,27.78,38928341.0,54.422,18.6,2.581,1.337,1803.987,,597.029,9.59,,,37.746,0.5,64.83,0.511,
AFG,XXXXXXXXXX,Afghanistan,2020-03-03,2.0,1.0,0.143,,,0.0,0.051,0.026,0.004,,,0.0,,,,,,,,,,,,,,,,,,,,,,,,,,,,27.78,38928341.0,54.422,18.6,2.581,1.337,1803.987,,597.029,9.59,,,37.746,0.5,64.83,0.511,
AFG,XXXXXXXXXX,Afghanistan,2020-03-04,4.0,2.0,0.429,,,0.0,0.103,0.051,0.011,,,0.0,,,,,,,,,,,,,,,,,,,,,,,,,,,,27.78,38928341.0,54.422,18.6,2.581,1.337,1803.987,,597.029,9.59,,,37.746,0.5,64.83,0.511,
AFG,XXXXXXXXXX,Afghanistan,2020-03-05,4.0,0.0,0.429,,,0.0,0.103,0.0,0.011,,,0.0,,,,,,,,,,,,,,,,,,,,,,,,,,,,27.78,38928341.0,54.422,18.6,2.581,1.337,1803.987,,597.029,9.59,,,37.746,0.5,64.83,0.511,
AFG,XXXXXXXXXX,Afghanistan,2020-03-06,4.0,0.0,0.429,,,0.0,0.103,0.0,0.011,,,0.0,,,,,,,,,,,,,,,,,,,,,,,,,,,,27.78,38928341.0,54.422,18.6,2.581,1.337,1803.987,,597.029,9.59,,,37.746,0.5,64.83,0.511,
AFG,XXXXXXXXXX,Afghanistan,2020-03-07,4.0,0.0,0.429,,,0.0,0.103,0.0,0.011,,,0.0,,,,,,,,,,,,,,,,,,,,,,,,,,,,27.78,38928341.0,54.422,18.6,2.581,1.337,1803.987,,597.029,9.59,,,37.746,0.5,64.83,0.511,
AFG,XXXXXXXXXX,Afghanistan,2020-03-08,5.0,1.0,0.571,,,0.0,0.128,0.026,0.015,,,0.0,,,,,,,,,,,,,,,,,,,,,,,,,,,,27.78,38928341.0,54.422,18.6,2.581,1.337,1803.987,,597.029,9.59,,,37.746,0.5,64.83,0.511,
AFG,XXXXXXXXXX,Afghanistan,2020-03-09,7.0,2.0,0.857,,,0.0,0.18,0.051,0.022,,,0.0,,,,,,,,,,,,,,,,,,,,,,,,,,,,27.78,38928341.0,54.422,18.6,2.581,1.337,1803.987,,597.029,9.59,,,37.746,0.5,64.83,0.511,
AFG,XXXXXXXXXX,Afghanistan,2020-03-10,8.0,1.0,0.857,,,0.0,0.206,0.026,0.022,,,0.0,,,,,,,,,,,,,,,,,,,,,,,,,,,,27.78,38928341.0,54.422,18.6,2.581,1.337,1803.987,,597.029,9.59,,,37.746,0.5,64.83,0.511,
AFG,XXXXXXXXXX,Afghanistan,2020-03-11,11.0,3.0,1.0,,,0.0,0.283,0.077,0.026,,,0.0,,,,,,,,,,,,,,,,,,,,,,,,,,,,27.78,38928341.0,54.422,18.6,2.581,1.337,1803.987,,597.029,9.59,,,37.746,0.5,64.83,0.511,
AFG,XXXXXXXXXX,Afghanistan,2020-03-12,12.0,1.0,1.143,,,0.0,0.308,0.026,0.029,,,0.0,,,,,,,,,,,,,,,,,,,,,,,,,,,,27.78,38928341.0,54.422,18.6,2.581,1.337,1803.987,,597.029,9.59,,,37.746,0.5,64.83,0.511,
AFG,XXXXXXXXXX,Afghanistan,2020-03-13,13.0,1.0,1.286,,,0.0,0.334,0.026,0.033,,,0.0,,,,,,,,,,,,,,,,,,,,,,,,,,,,27.78,38928341.0,54.422,18.6,2.581,1.337,1803.987,,597.029,9.59,,,37.746,0.5,64.83,0.511,
AFG,XXXXXXXXXX,Afghanistan,2020-03-14,15.0,2.0,1.571,,,0.0,0.385,0.051,0.04,,,0.0,,,,,,,,,,,,,,,,,,,,,,,,,,,,38.89,38928341.0,54.422,18.6,2.581,1.337,1803.987,,597.029,9.59,,,37.746,0.5,64.83,0.511,
ALB,XXXXXXXXXX,Albania,2020-06-21,1962.0,71.0,63.0,44.0,1.0,1.143,681.771,24.672,21.892,15.289,0.347,0.397,1.28,,,,,,,,,327.0,20404.0,7.09,0.114,325.0,0.113,0.194,5.2,tests performed,,,,,,,,,,71.3,2877800.0,104.871,38.0,13.188,8.643,11803.431,1.1,304.195,10.08,7.1,51.2,,2.89,78.57,0.795,
ALB,XXXXXXXXXX,Albania,2020-06-22,1995.0,33.0,57.857,44.0,0.0,1.143,693.238,11.467,20.105,15.289,0.0,0.397,1.24,,,,,,,,,239.0,20643.0,7.173,0.083,313.0,0.109,0.185,5.4,tests performed,,,,,,,,,,68.52,2877800.0,104.871,38.0,13.188,8.643,11803.431,1.1,304.195,10.08,7.1,51.2,,2.89,78.57,0.795,